114
181
23
773
605
235
215
243
203
978
79
744
595
536
280
203
618
741
270
68
475
658
218
454
193
168
87
373
477
626
563
789
213
995
719
199
607
613
731
535
280
440
941
213
797
207
54
735
316
868
368
49
780
221
448
496
570
194
797
643
991
29
691
140
522
741
632
507
694
539
980
792
236
546
788
613
841
81
624
270
465
451
435
748
747
166
602
574
646
290
527
326
762
994
692
666
170
133
540
463
855
207
689
985
15
254
308
796
779
698
927
521
725
520
819
694
500
401
609
594
49
421
343
386
792
14
538
492
629
948
983
222
956
624
170
441
254
257
205
551
739
323
183
99
457
416
456
493
868
904
51
984
139
629
628
296
553
938
404
824
268
431
356
433
370
322
715
546
208
668
48
368
481
391
875
392
915
988
942
476
419
231
829
637
810
815
761
42
742
599
423
610
696
205
328
578
33
324
946
184
921
689
157
161
498
418
427
381
512
323
62
132
502
233
395
805
129
465
750
143
269
719
29
595
660
662
699
276
16
890
450
863
333
433
938
553
569
658
604
683
447
514
75
224
478
284
531
21
643
591
271
749
472
658
269
214
980
229
131
363
715
704
252
320
725
166
900
562
60
105
157
565
166
558
282
459
421
968
698
576
212
563
428
323
21
771
766
152
938
847
386
383
744
37
619
851
729
78
469
536
228
590
343
489
748
865
337
198
208
655
62
558
919
979
493
891
679
709
248
912
242
146
877
194
127
996
193
131
986
737
472
471
853
582
508
854
951
405
287
809
393
99
25
483
391
152
994
990
208
939
366
755
434
884
660
605
925
153
921
673
567
214
99
531
627
146
97
880
540
633
198
525
80
566
654
391
242
321
167
683
682
47
980
55
981
304
460
779
832
442
993
827
962
435
350
543
357
250
996
688
711
84
417
249
501
379
955
609
862
263
520
368
995
878
745
258
444
591
79
804
59
972
601
454
501
740
342
899
766
545
466
619
256
224
25
177
778
8
509
389
943
156
60
261
233
838
559
602
162
979
599
40
19
656
756
804
611
665
567
912
746
741
56
12
77
173
485
640
907
918
568
743
214
91
980
408
968
937
354
754
889
596
83
757
859
831
268
214
564
310
501
881
292
138
491
823
332
144
866
886
450
711
179
800
167
151
948
937
515
878
221
13
470
850
259
418
307
424
900
46
496
456
980
382
998
995
378
917
442
707
158
887
902
377
56
907
250
785
324
646
778
350
175
963
722
877
222
130
577
654
487
290
611
844
233
14
682
994
125
658
101
262
498
517
636
104
706
870
145
551
703
392
584
765
816
23
754
884
479
264
393
222
298
165
81
830
57
855
795
163
245
324
747
180
438
932
537
864
822
172
984
842
421
513
681
700
455
776
604
164
534
381
501
444
545
265
517
481
925
449
829
395
10
974
377
988
434
363
504
80
743
152
790
584
297
231
879
242
272
597
277
263
789
694
904
603
518
592
391
826
612
325
735
588
613
149
475
357
117
81
181
994
127
741
786
831
97
842
839
10
537
562
91
503
325
90
8
62
998
308
664
640
660
954
456
438
531
900
452
695
751
894
793
64
817
778
75
296
525
21
561
166
908
419
264
15
11
535
68
0
163
419
884
495
837
298
646
268
763
534
996
155
272
348
555
283
946
813
961
458
692
720
606
764
367
677
330
619
233
653
490
91
502
894
169
36
672
700
118
849
438
996
447
618
754
727
407
631
880
138
673
816
580
580
923
96
149
616
466
320
141
351
166
59
305
30
703
628
523
125
392
464
382
430
580
709
991
114
476
627
619
888
896
402
698
686
347
541
741
215
78
64
224
892
908
610
534
207
581
562
545
813
361
462
388
430
873
919
676
543
55
551
331
631
375
427
754
618
642
866
423
573
936
725
68
471
962
816
546
231
614
506
803
53
838
814
533
803
631
89
484
401
931
487
996
180
79
339
45
524
38
783
557
203
441
9
749
31
929
524
922
367
94
211
921
517
751
11
719
942
740
519
362
961
581
88
161
29
795
17
550
987
92
650
502
571
909
221
290
11
278
992
943
319
328
561
360
311
548
34
795
668
17
878
922
30
648
833
384
795
90
492
231
462
749
6
180
87
860
671
455
569
751
889
444
467
962
19
565
234
174
871
995
790
470
278
806
600
514
149
478
312
273
216
695
442
787
345
372
267
180
705
883
961
535
84
333
698
87
151
520
649
273
529
121
423
351
619
412
330
915
325
155
236
916
616
362
318
125
908
331
864
288
927
386
142
607
197
901
918
